"F3D0","F3D1","F3D2","F3D3","F3D5","F3D6","F3D7","F3D8","F3D9"
"F3D0",0,0.400964766926131,0.392073051032582,0.374720352570263,0.347307815535602,0.367662798859977,0.361035585428702,0.36615975686774,0.392827690187802
"F3D1",0.400964766926131,0,0.345914825793582,0.373845629552819,0.322443666579088,0.35862825806392,0.36647472994156,0.334572823569249,0.374025492689138
"F3D2",0.392073051032582,0.345914825793582,0,0.292412896098371,0.304055424403344,0.311488462607567,0.292932130867934,0.322304424096756,0.34705195711019
"F3D3",0.374720352570263,0.373845629552819,0.292412896098371,0,0.272902033694045,0.287000715428885,0.194080782007856,0.323935610029888,0.347994593960422
"F3D5",0.347307815535602,0.322443666579088,0.304055424403344,0.272902033694045,0,0.263035067600334,0.254836120712826,0.266180633517549,0.280667191332028
"F3D6",0.367662798859977,0.35862825806392,0.311488462607567,0.287000715428885,0.263035067600334,0,0.252062231320959,0.287054436346877,0.267430984743715
"F3D7",0.361035585428702,0.36647472994156,0.292932130867934,0.194080782007856,0.254836120712826,0.252062231320959,0,0.277348006977579,0.307427489780887
"F3D8",0.36615975686774,0.334572823569249,0.322304424096756,0.323935610029888,0.266180633517549,0.287054436346877,0.277348006977579,0,0.239115853979901
"F3D9",0.392827690187802,0.374025492689138,0.34705195711019,0.347994593960422,0.280667191332028,0.267430984743715,0.307427489780887,0.239115853979901,0
